15 4 10
1362 5 500
25 5 10
30 7 10
37 10 10
52 4 10
56 6 10
62 5 10
67 7 10
4798 5 10
89 4 10
93 6 10
99 5 10
104 7 10
111 10 10
126 4 10
130 6 10
136 5 10
141 7 10
148 10 1000
163 4 10
167 6 10
173 5 10
178 7 10
185 10 10
200 4 10
204 6 10
210 5 10
215 7 10
222 10 10
237 4 10
241 6 10
247 5 10
252 7 10
259 10 10
274 4 10
278 6 10
284 5 10
289 7 10
296 10 10
311 4 10
315 6 10
321 5 10
326 7 10
333 10 10
348 4 10
352 6 10
358 5 10
363 7 10
370 10 10
385 4 10
389 6 10
395 5 10
400 7 10
407 10 10
422 4 10
426 6 10
432 5 10
437 7 10
444 10 10
459 4 10
463 6 10
469 5 10
474 7 10
481 10 10
496 4 10
500 6 10
506 5 10
511 7 10
518 10 10
533 4 10
537 6 10
543 5 10
548 7 10
555 10 10
570 4 10
574 6 10
580 5 10
585 7 10
592 10 10
607 4 10
611 6 10
617 5 10
622 7 10
629 10 10
644 4 10
648 6 10
654 5 10
659 7 10
666 10 10
681 4 10
685 6 10
691 5 10
696 7 10
703 10 10
718 4 10
722 6 10
728 5 10
733 7 10
740 10 10
755 4 10
759 6 10
765 5 10
770 7 10
777 10 10
792 4 10
796 6 10
802 5 10
807 7 10
814 10 10
829 4 10
833 6 10
839 5 10
844 7 10
851 10 10
866 4 10
870 6 10
876 5 10
881 7 10
888 10 10
903 4 10
907 6 10
913 5 10
918 7 10
925 10 10
940 4 10
944 6 10
950 5 10
955 7 10
962 10 10
977 4 10
981 6 10
987 5 10
992 7 10
999 10 10
1014 4 10
1018 6 10
1024 5 10
1029 7 10
1036 10 10
1051 4 10
1055 6 10
1061 5 10
1066 7 10
1073 10 10
1088 4 10
1092 6 10
1098 5 10
1103 7 10
1110 10 10
1125 4 10
1129 6 10
1135 5 10
1140 7 10
1147 10 10
1162 5 10
1167 4 10
1171 6 10
1177 5 10
1182 7 10
1189 10 10
1204 5 10
1209 4 10
1213 6 10
1219 5 10
1224 7 10
1231 10 10
1246 4 10
1250 6 10
1256 5 10
1261 7 10
1268 10 10
1288 4 10
1292 6 10
1298 5 10
1303 7 10
1310 10 10
1330 4 10
1334 6 10
1340 5 10
1345 7 10
1352 10 10
1367 5 10
1372 5 10
1377 5 10
1382 5 10
1387 5 10
1392 5 10
1397 5 10
1402 5 10
1407 5 10
1412 5 10
1417 5 10
1422 5 10
1427 5 10
1432 5 10
1437 5 10
1442 5 10
1447 5 10
1452 5 10
1457 5 10
1462 5 10
1467 5 10
1472 5 10
1477 5 10
1482 5 10
1487 5 10
1492 5 10
1497 5 10
1502 5 10
1507 5 10
1512 5 10
1517 5 10
1522 5 10
1527 5 10
1532 5 10
1537 5 10
1542 5 10
1547 5 10
1552 5 10
1557 5 10
1562 5 10
1567 5 10
1572 5 10
1577 5 10
1582 5 10
1587 5 10
1592 5 10
1597 5 10
1602 5 10
1607 5 10
1612 5 10
1617 5 10
1622 5 10
1627 5 10
1632 5 10
1637 5 10
1642 5 10
1647 5 10
1652 5 10
1657 5 10
1662 5 10
1667 5 10
1672 5 10
1677 5 10
1682 5 10
1687 5 10
1692 5 10
1697 5 10
1702 5 10
1707 5 10
1712 5 10
1717 5 10
1722 5 10
1727 5 10
1732 5 10
1737 5 10
1742 5 10
1747 5 10
1752 5 10
1757 5 10
1762 5 10
1767 5 10
1772 5 10
1777 5 10
1782 5 10
1787 5 10
1792 5 10
1797 5 10
1802 5 10
1807 5 10
1812 5 10
1817 5 10
1822 5 10
1827 5 10
1832 5 10
1837 5 10
1842 5 10
1847 5 10
1852 5 10
1857 5 10
1862 5 10
1867 5 10
1872 5 10
1877 5 10
1882 5 10
1887 5 10
1892 5 10
1897 5 10
1902 5 10
1907 5 10
1912 5 10
1917 5 10
1922 5 10
1927 5 10
1932 5 10
1937 5 10
1942 5 10
1947 5 10
1952 5 10
1957 5 10
1962 5 10
1967 5 10
1972 5 10
1977 5 10
1982 5 10
1987 5 10
1992 5 10
1997 5 10
2002 5 10
2007 5 10
2012 5 10
2017 5 10
2022 5 10
2027 5 10
2032 5 10
2037 5 10
2042 5 10
2047 5 10
2052 5 10
2057 5 10
2062 5 10
2067 5 10
2072 5 10
2077 5 10
2082 5 10
2087 5 10
2092 5 10
2097 5 10
2102 5 10
2107 5 10
2112 5 10
2117 5 10
2122 5 10
2127 5 10
2132 5 10
2137 5 10
2142 5 10
2147 5 10
2152 5 10
2157 5 10
2162 5 10
2167 5 10
2172 5 10
2177 5 10
2182 5 10
2187 5 10
2192 5 10
2197 5 10
2202 5 10
2207 5 10
2212 5 10
2217 5 10
2222 5 10
2227 5 10
2232 5 10
2237 5 10
2242 5 10
2247 5 10
2252 5 10
2257 5 10
2262 5 10
2267 5 10
2272 5 10
2277 5 10
2282 5 10
2287 5 10
2292 5 10
2297 5 10
2302 5 10
2307 5 10
2312 5 10
2317 5 10
2322 5 10
2327 5 10
2332 5 10
2337 5 10
2342 5 10
2347 5 10
2352 5 10
2357 5 10
2362 5 10
2367 5 10
2372 5 10
2377 5 10
2382 5 10
2387 5 10
2392 5 10
2397 5 10
2402 5 10
2407 5 10
2412 5 10
2417 5 10
2422 5 10
2427 5 10
2432 5 10
2437 5 10
2442 5 10
2447 5 10
2452 5 10
2457 5 10
2462 5 10
2467 5 10
2472 5 10
2477 5 10
2482 5 10
2487 5 10
2492 5 10
2497 5 10
2502 5 10
2507 5 10
2512 5 10
2517 5 10
2522 5 10
2527 5 10
2532 5 10
2537 5 10
2542 5 10
2547 5 10
2552 5 10
2557 5 10
2562 5 10
2567 5 10
2572 5 10
2577 5 10
2582 5 10
2587 5 10
2592 5 10
2597 5 10
2602 5 10
2607 5 10
2612 5 10
2617 5 10
2622 5 10
2627 5 10
2632 5 10
2637 5 10
2642 5 10
2647 5 10
2652 5 10
2657 5 10
2662 5 10
2667 5 10
2672 5 10
2677 5 10
2682 5 10
2687 5 10
2692 5 10
2697 5 10
2702 5 10
2707 5 10
2712 5 10
2717 5 10
2722 5 10
2727 5 10
2732 5 10
2737 5 10
2742 5 10
2747 5 10
2752 5 10
2757 5 10
2762 5 10
2767 5 10
2772 5 10
2777 5 10
2782 5 10
2787 5 10
2792 5 10
2797 5 10
2802 5 10
2807 5 10
2812 5 10
2817 5 10
2822 5 10
2827 5 10
2832 5 10
2837 5 10
2842 5 10
2847 5 10
2852 5 10
2857 5 10
2862 5 10
2867 5 10
2872 5 10
2877 5 10
2882 5 10
2887 5 10
2892 5 10
2897 5 10
2902 5 10
2907 5 10
2912 5 10
2917 5 10
2922 5 10
2927 5 10
2932 5 10
2937 5 10
2942 5 10
2947 5 10
2952 5 10
2957 5 10
2962 5 10
2967 5 10
2972 5 10
2977 5 10
2982 5 10
2987 5 10
2992 5 10
2997 5 10
3002 5 10
3007 5 10
3012 5 10
3017 5 10
3022 5 10
3027 5 10
3032 5 10
3037 5 10
3042 5 10
3047 5 10
3052 5 10
3057 5 10
3062 5 10
3067 5 10
3072 5 10
3077 5 10
3082 5 10
3087 5 10
3092 5 10
3097 5 10
3102 5 10
3107 5 10
3112 5 10
3117 5 10
3122 5 10
3127 5 10
3132 5 10
3137 5 10
3142 5 10
3147 5 10
3152 5 10
3157 5 10
3162 5 10
3167 5 10
3172 5 10
3177 5 10
3182 5 10
3187 5 10
3192 5 10
3197 5 10
3202 5 10
3207 5 10
3212 5 10
3217 5 10
3222 5 10
3227 5 10
3232 5 10
3237 5 10
3242 5 10
3247 5 10
3252 5 10
3257 5 10
3262 5 10
3267 5 10
3272 5 10
3277 5 10
3282 5 10
3287 5 10
3292 5 10
3297 5 10
3302 5 10
3307 5 10
3312 5 10
3317 5 10
3322 5 10
3327 5 10
3332 5 10
3337 5 10
3342 5 10
3347 5 10
3352 5 10
3357 5 10
3362 5 10
3367 5 10
3372 5 10
3377 5 10
3382 5 10
3387 5 10
3392 5 10
3397 5 10
3402 5 10
3407 5 10
3412 5 10
3417 5 10
3422 5 10
3427 5 10
3432 5 10
3437 5 10
3442 5 10
3447 5 10
3452 5 10
3457 5 10
3462 5 10
3467 5 10
3472 5 10
3477 5 10
3482 5 10
3487 5 10
3492 5 10
3497 5 10
3502 5 10
3507 5 10
3512 5 10
3517 5 10
3522 5 10
3527 5 10
3532 5 10
3537 5 10
3542 5 10
3547 5 10
3552 5 10
3557 5 10
3562 5 10
3567 5 10
3572 5 10
3577 5 10
3582 5 10
3587 5 10
3592 5 10
3597 5 10
3602 5 10
3607 5 10
3612 5 10
3617 5 10
3622 5 10
3627 5 10
3632 5 10
3637 5 10
3642 5 10
3647 5 10
3652 5 10
3657 5 10
3662 5 10
3667 5 10
3672 5 10
3677 5 10
3682 5 10
3687 5 10
3692 5 10
3697 5 10
3702 5 10
3707 5 10
3712 5 10
3717 5 10
3722 5 10
3727 5 10
3732 5 10
3737 5 10
3742 5 10
3747 5 10
3752 5 10
3757 5 10
3762 5 10
3767 5 10
3772 5 10
3777 5 10
3782 5 10
3787 5 10
3792 5 10
3797 5 10
3802 5 10
3807 5 10
3812 5 10
3817 5 10
3822 5 10
3827 5 10
3832 5 10
3837 5 10
3842 5 10
3847 5 10
3852 5 10
3857 5 10
3862 5 10
3867 5 10
3872 5 10
3877 5 10
3882 5 10
3887 5 10
3892 5 10
3897 5 10
3902 5 10
3907 5 10
3912 5 10
3917 5 10
3922 5 10
3927 5 10
3932 5 10
3937 5 10
3942 5 10
3947 5 10
3952 5 10
3957 5 10
3962 5 10
3967 5 10
3972 5 10
3977 5 10
3982 5 10
3987 5 10
3992 5 10
3997 5 10
4002 5 10
4007 5 10
4012 5 10
4017 5 10
4022 5 10
4027 5 10
4032 5 10
4037 5 10
4042 5 10
4047 5 10
4052 5 10
4057 5 10
4062 5 10
4067 5 10
4072 5 10
4077 5 10
4082 5 10
4087 5 10
4092 5 10
4097 5 10
4102 5 10
4107 5 10
4112 5 10
4117 5 10
4122 5 10
4127 5 10
4132 5 10
4137 5 10
4142 5 10
4147 5 10
4152 5 10
4157 5 10
4162 5 10
4167 5 10
4172 5 10
4177 5 10
4182 5 10
4187 5 10
4192 5 10
4197 5 10
4202 5 10
4207 5 10
4212 5 10
4217 5 10
4222 5 10
4227 5 10
4232 5 10
4237 5 10
4242 5 10
4247 5 10
4252 5 10
4257 5 10
4262 5 10
4267 5 10
4272 5 10
4277 5 10
4282 5 10
4287 5 10
4292 5 10
4297 5 10
4302 5 10
4307 5 10
4312 5 10
4317 5 10
4322 5 10
4327 5 10
4332 5 10
4337 5 10
4342 5 10
4347 5 10
4352 5 10
4357 5 10
4362 5 10
4367 5 10
4372 5 10
4377 5 10
4382 5 10
4387 5 10
4392 5 10
4397 5 10
4402 5 10
4407 5 10
4412 5 10
4417 5 10
4422 5 10
4427 5 10
4432 5 10
4437 5 10
4442 5 10
4447 5 10
4452 5 10
4457 5 10
4462 5 10
4467 5 10
4472 5 10
4477 5 10
4482 5 10
4487 5 10
4492 5 10
4497 5 10
4502 5 10
4507 5 10
4512 5 10
4517 5 10
4522 5 10
4527 5 10
4532 5 10
4537 5 10
4542 5 10
4547 5 10
4552 5 10
4557 5 10
4562 5 10
4567 5 10
4572 5 10
4577 5 10
4582 5 10
4587 5 10
4592 5 10
4597 5 10
4602 5 10
4607 5 10
4612 5 10
4617 5 10
4622 5 10
4627 5 10
4632 5 10
4637 5 10
4642 5 10
4647 5 10
4652 5 10
4657 5 10
4662 5 10
4667 5 10
4672 5 10
4677 5 10
4682 5 10
4687 5 10
4692 5 10
4697 5 10
4702 5 10
4707 5 10
4712 5 10
4717 5 10
4722 5 10
4727 5 10
4732 5 10
4737 5 10
4742 5 10
4747 5 10
4752 5 10
4757 5 10
4762 5 10
4767 5 10
4772 5 10
4777 5 10
4782 5 10
4787 5 20
4792 6 10
